{
    "windows": [
        { "category": { "window": {} }, "confidence": { "medium": {} }, "dimensions": [1.1670083999633789, 1.5277239084243774, 0], "completedEdges": [], "parentIdentifier": "02DABB2F-7B8A-4BBA-82B0-12FACC3BB625", "identifier": "47F44EE2-E8E0-4AD2-9DA2-F00967928B19", "curve": null, "transform": [-0.84910392761230469, 0, -0.52822595834732056, 0, 0, 1, 0, 0, 0.52822595834732056, 0, -0.84910392761230469, 0, -1.6563363075256348, 0.65229099988937378, 0.7785484790802002, 1] }
    ],
    "doors": [{ "category": { "door": { "isOpen": false } }, "confidence": { "high": {} }, "dimensions": [0.70007967948913574, 2.0720541477203369, 0], "completedEdges": [], "parentIdentifier": "36202050-4FCF-4633-B818-5669EF62B3F4", "identifier": "1075D2B1-0146-4011-B7CF-9759ACD6D638", "curve": null, "transform": [0.52822595834732056, 0, -0.84910368919372559, 0, 0, 1, 0, 0, 0.84910380840301514, 0, 0.52822601795196533, 0, -0.065142638981342316, 0.0058197453618049622, -3.3284382820129395, 1] }, { "category": { "door": { "isOpen": false } }, "confidence": { "high": {} }, "dimensions": [0.61992526054382324, 1.929459810256958, 0], "completedEdges": [], "parentIdentifier": "93A37435-91CB-4F59-880E-31EE7458E93A", "identifier": "87F4598D-B1C7-447E-BDA6-846061DE9E75", "curve": null, "transform": [0.51202219724655151, 0, -0.85897213220596313, 0, 0, 1, 0, 0, 0.85897219181060791, 0, 0.51202225685119629, 0, 1.9183536767959595, -0.065477348864078522, -3.9451398849487305, 1] }, { "category": { "door": { "isOpen": true } }, "confidence": { "medium": {} }, "dimensions": [0.7233918309211731, 2.0787303447723389, 0], "completedEdges": [], "parentIdentifier": "3C087639-65F5-4499-8A2B-E944109FFF6C", "identifier": "540344F5-9F70-45E8-8379-081DB7B4581F", "curve": null, "transform": [-0.52822619676589966, 0, 0.84910356998443604, 0, 0, 1, 0, 0, -0.84910374879837036, 0, -0.52822619676589966, 0, 2.5132439136505127, 0.009157918393611908, -2.9001202583312988, 1] }],
    "walls": [{ "category": { "wall": {} }, "confidence": { "high": {} }, "dimensions": [4.7520589828491211, 2.4767849445343018, 0], "completedEdges": [], "parentIdentifier": null, "identifier": "36202050-4FCF-4633-B818-5669EF62B3F4", "curve": null, "transform": [0.52822601795196533, 0, -0.84910374879837036, 0, 0, 1, 0, 0, 0.84910374879837036, 0, 0.52822601795196533, 0, -1.0961018800735474, 0.20818522572517395, -1.6712096929550171, 1] }, { "category": { "wall": {} }, "confidence": { "high": {} }, "dimensions": [3.187924861907959, 2.4767849445343018, 0], "completedEdges": [], "parentIdentifier": null, "identifier": "02DABB2F-7B8A-4BBA-82B0-12FACC3BB625", "curve": null, "transform": [-0.84910392761230469, 0, -0.52822595834732056, 0, 0, 1, 0, 0, 0.52822595834732056, 0, -0.84910380840301514, 0, -0.99774301052093506, 0.20818522572517395, 1.188258171081543, 1] }, { "category": { "wall": {} }, "confidence": { "high": {} }, "dimensions": [1.3697352409362793, 2.4767849445343018, 0], "completedEdges": [], "parentIdentifier": null, "identifier": "BA7CA62C-1BD9-41B9-AF58-C73FF2251DA3", "curve": null, "transform": [0.84824246168136597, 0, 0.52960801124572754, 0, 0, 1, 0, 0, -0.52960801124572754, 0, 0.84824246168136597, 0, 1.1070677042007446, 0.20818522572517395, -3.9214107990264893, 1] }, { "category": { "wall": {} }, "confidence": { "high": {} }, "dimensions": [0.69951725006103516, 2.4767849445343018, 0], "completedEdges": [], "parentIdentifier": null, "identifier": "B7694273-5718-455F-8F7F-B56DA1057857", "curve": null, "transform": [0.52486938238143921, 0, -0.85118275880813599, 0, 0, 1, 0, 0, 0.85118275880813599, 0, 0.52486932277679443, 0, 0.34255638718605042, 0.20818522572517395, -3.9864137172698975, 1] }, { "category": { "wall": {} }, "confidence": { "high": {} }, "dimensions": [1.7171981334686279, 2.4767849445343018, 0], "completedEdges": [], "parentIdentifier": null, "identifier": "93A37435-91CB-4F59-880E-31EE7458E93A", "curve": null, "transform": [0.51202249526977539, 0, -0.85897213220596313, 0, 0, 1, 0, 0, 0.85897201299667358, 0, 0.51202243566513062, 0, 2.1276237964630127, 0.20818522572517395, -4.2962121963500977, 1] }, { "category": { "wall": {} }, "confidence": { "high": {} }, "dimensions": [0.69832628965377808, 2.4767849445343018, 0], "completedEdges": [], "parentIdentifier": null, "identifier": "F54DE97F-9605-4DF1-9B54-459012038363", "curve": null, "transform": [0.48099756240844727, 0, -0.87672197818756104, 0, 0, 1, 0, 0, 0.87672197818756104, 0, 0.48099756240844727, 0, 1.5200549364089966, 0.20818522572517395, -3.2525804042816162, 1] }, { "category": { "wall": {} }, "confidence": { "high": {} }, "dimensions": [0.33593177795410156, 2.4767849445343018, 0], "completedEdges": [], "parentIdentifier": null, "identifier": "577DBBE2-9763-4EB1-B700-29D3ADC75A3D", "curve": null, "transform": [0.99341434240341187, 0, -0.11457734555006027, 0, 0, 1, 0, 0, 0.11457734555006027, 0, 0.99341434240341187, 0, 2.1553268432617188, 0.20818522572517395, -2.5737576484680176, 1] }, { "category": { "wall": {} }, "confidence": { "high": {} }, "dimensions": [1.035495400428772, 2.4767849445343018, 0], "completedEdges": [], "parentIdentifier": null, "identifier": "78C924F3-C1E8-427D-8199-D421FC6BC5A8", "curve": null, "transform": [0.8534514307975769, 0, 0.52117234468460083, 0, 0, 1, 0, 0, -0.52117234468460083, 0, 0.8534514307975769, 0, 2.4303398132324219, 0.20818522572517395, -2.2846767902374268, 1] }, { "category": { "wall": {} }, "confidence": { "high": {} }, "dimensions": [4.763974666595459, 2.4767849445343018, 0], "completedEdges": [], "parentIdentifier": null, "identifier": "804F52C5-BD04-4C63-AEE1-6A7CCBD63396", "curve": null, "transform": [-0.52823859453201294, 0, 0.84909594058990479, 0, 0, 1, 0, 0, -0.84909594058990479, 0, -0.52823859453201294, 0, 1.6139543056488037, 0.20818522572517395, 0.0076946374028921127, 1] }, { "category": { "wall": {} }, "confidence": { "high": {} }, "dimensions": [2.3789231777191162, 2.4767849445343018, 0], "completedEdges": [], "parentIdentifier": null, "identifier": "91BE3C70-971F-4922-8DAF-2B90BC904670", "curve": null, "transform": [-0.53331500291824341, 0, 0.845916748046875, 0, 0, 1, 0, 0, -0.84591668844223022, 0, -0.53331500291824341, 0, 3.5065698623657227, 0.20818522572517395, -3.0210263729095459, 1] }, { "category": { "wall": {} }, "confidence": { "high": {} }, "dimensions": [1.0962226390838623, 2.4767849445343018, 0], "completedEdges": [], "parentIdentifier": null, "identifier": "114379C5-9F3C-46B0-BA35-461497EF2029", "curve": null, "transform": [0.84910374879837036, 0, 0.52822595834732056, 0, 0, 1, 0, 0, -0.52822595834732056, 0, 0.84910374879837036, 0, 3.0326492786407471, 0.20818522572517395, -4.7441983222961426, 1] }, { "category": { "wall": {} }, "confidence": { "high": {} }, "dimensions": [0.77201700210571289, 2.4767849445343018, 0], "completedEdges": [], "parentIdentifier": null, "identifier": "7D6F3F28-2E7F-4BC4-9550-26DC13EB6287", "curve": null, "transform": [0.83272147178649902, 0, 0.55369222164154053, 0, 0, 1, 0, 0, -0.55369222164154053, 0, 0.83272141218185425, 0, 3.8194901943206787, 0.20818522572517395, -4.2409415245056152, 1] }, { "category": { "wall": {} }, "confidence": { "high": {} }, "dimensions": [1.5679216384887695, 2.4767849445343018, 0], "completedEdges": [], "parentIdentifier": null, "identifier": "CFA6F0CB-75B6-4244-B7CC-A786BF40F97E", "curve": null, "transform": [-0.52520555257797241, 0, 0.85097545385360718, 0, 0, 1, 0, 0, -0.85097545385360718, 0, -0.52520555257797241, 0, 3.0863118171691895, 0.20818522572517395, -3.7875401973724365, 1] }, { "category": { "wall": {} }, "confidence": { "high": {} }, "dimensions": [0.74737972021102905, 2.4767849445343018, 0], "completedEdges": [], "parentIdentifier": null, "identifier": "566EB1AF-11BD-4315-A9F9-C06D9EF08043", "curve": null, "transform": [0.85145312547683716, 0, 0.52443081140518188, 0, 0, 1, 0, 0, -0.52443075180053711, 0, 0.85145300626754761, 0, 1.6702877283096313, 0.20818522572517395, -2.7504868507385254, 1] }, { "category": { "wall": {} }, "confidence": { "high": {} }, "dimensions": [1.4051632881164551, 2.4767849445343018, 0], "completedEdges": [], "parentIdentifier": null, "identifier": "8E4134F5-C56D-4EEB-8292-B12B36BCC824", "curve": null, "transform": [0.84910386800765991, 0, 0.52822601795196533, 0, 0, 1, 0, 0, -0.52822601795196533, 0, 0.84910386800765991, 0, 0.75554358959197998, 0.20818522572517395, -3.3175833225250244, 1] }, { "category": { "wall": {} }, "confidence": { "high": {} }, "dimensions": [1.0396595001220703, 2.4767849445343018, 0], "completedEdges": [], "parentIdentifier": null, "identifier": "3C087639-65F5-4499-8A2B-E944109FFF6C", "curve": null, "transform": [-0.52822601795196533, 0, 0.84910374879837036, 0, 0, 1, 0, 0, -0.84910374879837036, 0, -0.52822601795196533, 0, 2.5967743396759033, 0.20818522572517395, -3.0343921184539795, 1] }],
    "openings": [{ "category": { "opening": {} }, "confidence": { "high": {} }, "dimensions": [0.74737972021102905, 2, 0], "completedEdges": [], "parentIdentifier": "566EB1AF-11BD-4315-A9F9-C06D9EF08043", "identifier": "9EA933F6-7B9F-4679-A122-3BB3B9ACA649", "curve": null, "transform": [0.85145312547683716, 0, 0.52443081140518188, 0, 0, 1, 0, 0, -0.52443075180053711, 0, 0.85145300626754761, 0, 1.6702877283096313, -0.030207268893718719, -2.7504868507385254, 1] }, { "category": { "opening": {} }, "confidence": { "high": {} }, "dimensions": [0.59507828950881958, 2.0399999618530273, 0], "completedEdges": [], "parentIdentifier": "8E4134F5-C56D-4EEB-8292-B12B36BCC824", "identifier": "A5038F5C-2B0D-401D-A3B3-64DB70FB60FF", "curve": null, "transform": [0.84910380840301514, 0, 0.52822601795196533, 0, 0, 1, 0, 0, -0.52822601795196533, 0, 0.84910380840301514, 0, 0.82889580726623535, -0.010207287967205048, -3.2719509601593018, 1] }],
    "objects": [{ "dimensions": [0.56674808263778687, 0.3678584098815918, 0.22025421261787415], "confidence": { "medium": {} }, "transform": [0.84910362958908081, 0, 0.52822619676589966, 0, 0, 1, 0, 0, -0.52822625637054443, 0, 0.84910362958908081, 0, 2.8984694480895996, 0.54802721738815308, -4.697972297668457, 1], "category": { "storage": {} }, "identifier": "5D688C25-6012-4C6A-B750-FCBADB5D8DA5" }, { "dimensions": [0.51507270336151123, 0.30000001192092896, 0.40509045124053955], "confidence": { "medium": {} }, "transform": [0.84910362958908081, 0, 0.52822631597518921, 0, 0, 1.0000001192092896, 0, 0, -0.52822637557983398, 0, 0.84910374879837036, 0, 2.9250965118408203, -0.24744918942451477, -4.572566032409668, 1], "category": { "sink": {} }, "identifier": "5A287FC1-5C05-4F19-8AB1-4CD2DB26CDE4" }, { "dimensions": [0.57356721162796021, 0.60002022981643677, 0.64612847566604614], "confidence": { "medium": {} }, "transform": [0.52823877334594727, 0, -0.84909582138061523, 0, 0, 0.99999994039535522, 0, 0, 0.84909576177597046, 0, 0.52823877334594727, 0, 1.0802797079086304, -0.73019719123840332, -0.24704350531101227, 1], "category": { "chair": {} }, "identifier": "0EC21A62-C7A0-421D-8BF7-64AA138D3E2B" }, { "dimensions": [1.2898168563842773, 0.74401235580444336, 0.68462252616882324], "confidence": { "high": {} }, "transform": [-0.52823853492736816, 0, 0.84909600019454956, 0, 0, 1, 0, 0, -0.84909600019454956, 0, -0.52823853492736816, 0, 1.288641095161438, -0.65820115804672241, -0.11741793900728226, 1], "category": { "table": {} }, "identifier": "DED8967F-4329-4AD1-A731-34A8D72AC4B4" }, { "dimensions": [1.0289392471313477, 0.98801648616790771, 0.56558793783187866], "confidence": { "medium": {} }, "transform": [0.52822607755661011, 0, -0.84910374879837036, 0, 0, 0.99999994039535522, 0, 0, 0.84910368919372559, 0, 0.52822601795196533, 0, -0.96528995037078857, -0.53619909286499023, -1.3461196422576904, 1], "category": { "storage": {} }, "identifier": "4708D672-8FDB-4E87-A8AE-A1DCADA5920E" }, { "dimensions": [1.4096834659576416, 0.57051324844360352, 2.1087174415588379], "confidence": { "medium": {} }, "transform": [-0.52822589874267578, 0, 0.84910374879837036, 0, 0, 0.99999994039535522, 0, 0, -0.84910368919372559, 0, -0.52822583913803101, 0, -0.32267534732818604, -0.74495071172714233, 0.77811568975448608, 1], "category": { "bed": {} }, "identifier": "18185F77-AF2B-4CE3-961C-112120E63E1B" }, { "dimensions": [0.5742378830909729, 0.99992865324020386, 0.70085799694061279], "confidence": { "high": {} }, "transform": [0.98590946197509766, 0, 0.16727973520755768, 0, 0, 1, 0, 0, -0.16727975010871887, 0, 0.98590946197509766, 0, 1.2576776742935181, -0.53024303913116455, -1.2661386728286743, 1], "category": { "chair": {} }, "identifier": "01E70252-8CF8-4DB1-A422-F311423EA676" }, { "dimensions": [1.0864478349685669, 0.84111714363098145, 0.51515078544616699], "confidence": { "high": {} }, "transform": [0.84910392761230469, 0, 0.52822589874267578, 0, 0, 0.99999994039535522, 0, 0, -0.52822583913803101, 0, 0.84910386800765991, 0, 2.9007411003112793, -0.60964882373809814, -4.5229082107543945, 1], "category": { "table": {} }, "identifier": "773884FE-86E3-4C80-9812-C84EDFDCD044" }],
    "version": 1
}